36868
393225
24586
12302
22548
8220
4134
41000
42
47147
8240
30781
2110
262206
2116
2119
59469
30798
28753
55391
55392
12389
2152
111
8308
39029
28792
45177
30844
16509
12414
36991
36997
37006
45204
51349
2200
47267
32934
20647
8365
174
8391
8400
39120
39122
209
59605
327899
37084
39138
226
51430
8426
10474
35054
55536
22773
35065
16637
8447
8455
10507
39180
51468
30988
8468
8473
43289
63771
20764
6429
20766
63774
286
20771
201011
31027
6453
8501
31034
18747
6461
59715
20804
12615
20811
43350
395611
16735
6503
49515
24940
8560
20857
29049
12676
57734
197000
24971
8591
29075
37271
4508
31133
37282
201126
18865
2486
39351
35258
12731
41405
2497
2500
2504
63949
25040
2516
35285
2518
2519
35297
8674
8676
20965
12779
16876
39405
199150
29169
47605
43519
4608
513
25091
8708
4613
6663
6667
43531
55824
6677
29208
4637
35361
553
2603
12843
559
62000
2609
31287
25145
12859
14907
8767
53824
203329
6724
6730
47692
8781
205390
4685
6736
12880
33362
12883
20473
4704
25192
4713
6762
47720
57963
43646
4739
37517
62094
51859
47764
4755
12956
668
17054
4764
4768
4766
199330
8866
197288
4777
6830
8881
701
8893
4802
4804
37577
714
25291
13004
4812
43727
719
4826
39642
29405
8928
6881
4837
8934
13032
60149
35574
56055
6908
47869
60157
47872
64260
62214
8966
2828
786
23314
39702
6939
15133
29470
37662
21282
54054
35625
9002
812
13101
9009
19255
23352
15169
52039
21320
197451
37708
9038
47950
2907
2914
62310
29544
7018
58224
7029
197495
9092
13208
43930
9121
21412
21413
13237
13238
29632
9158
39878
62416
197595
23520
21473
33764
39912
9198
50170
58381
13331
13335
15389
7203
15412
9268
3130
1103
7247
58453
9304
7265
27750
38001
394354
17523
27768
11404
3223
38040
9370
9371
60574
48294
3249
58552
3257
3265
27843
33988
3269
1221
23752
42184
11478
1239
3292
34019
46309
3303
48362
15598
134387
3320
1273
134396
1280
56582
17676
11537
1299
17685
5400
396571
5404
3356
396573
9500
9503
9505
40220
1312
7473
23862
34106
204092
42313
7497
5459
32097
7522
50533
60781
7545
5511
36236
7575
34209
23969
3491
5539
42409
50629
5580
60890
7642
3549
3557
5607
42473
7660
34288
50673
32244
7679
9733
26167
17987
15943
15945
40528
9808
36444
9821
13925
9829
9834
16010
206479
1680
28303
20115
3741
7843
32425
9901
48821
20150
42689
18125
42708
16086
48854
55002
59103
59105
1764
38635
14061
7922
34549
61174
24309
12041
3851
48918
18200
10010
34587
57119
10026
1836
34605
48943
12083
48961
1887
16245
40824
49024
1921
1930
55195
16284
8100
200612
30633
6057
24489
16347
34779
38895
51184
26617
61438
