36868
20485
393225
24586
57356
12302
12303
12306
22548
8218
8220
61468
393246
12322
45090
4134
41000
6185
42
47147
8240
18480
41018
2107
2108
30781
2110
262206
36926
196670
51263
2116
2119
28748
59469
30798
28753
4181
26710
88
55391
55392
12389
2149
49254
2152
12392
196714
111
32881
45170
8308
39029
28792
45177
30844
16509
12414
36991
61568
59521
41090
20612
36997
47237
12423
196745
8331
37006
45204
51349
39063
2200
198818
47267
327844
32934
8359
20647
28840
8365
174
28851
6327
35003
49342
39107
195
8391
8400
39120
209
39122
59605
28885
327899
37084
12508
39138
226
10466
51430
8422
8426
10474
35054
55536
22773
35065
16637
8447
12543
8455
10507
39180
51468
30988
12556
8468
30999
8473
43289
63771
20764
14618
63774
286
53535
20766
12578
6429
20771
59689
297
201011
31027
6453
8501
31034
18747
198971
6461
37181
59715
20804
12615
198985
8522
20811
133453
43350
395611
16735
6503
49515
24940
22894
367
8560
8561
12654
20857
29049
12676
57734
197000
24971
8591
29075
59795
29076
37271
12697
4508
31133
37282
29090
201126
1307
18865
45494
39351
2486
47544
35258
25019
12731
41405
2495
29119
2497
203201
2500
2504
2505
2506
63949
25040
2515
2516
35285
2518
2519
39386
12767
39392
35297
8674
8676
20965
12779
16876
39405
199150
133612
29169
47605
395766
199159
23033
43519
4608
513
33280
25091
8708
4613
6663
37386
6667
12812
43531
55824
6677
29208
393755
4637
31261
29216
49697
45600
203296
35361
553
2602
2603
12843
6697
559
62000
2609
23089
2611
2614
31287
25145
14907
12859
8767
25152
203329
53824
6724
6730
47692
8781
205390
4685
6736
12880
33362
12883
33363
37468
20473
4704
37474
31334
25192
4713
6762
47720
57961
57963
39534
64112
4725
37495
45688
43646
4739
10886
8839
39564
37517
51852
62094
51859
47764
4755
51862
4760
4761
12956
668
17054
4764
4768
25248
199330
8866
8868
62113
4766
680
681
4777
12969
197288
6830
8881
199354
701
8893
4802
4804
33480
37577
714
25291
37578
13004
2764
43727
719
13000
4809
4812
29396
19151
41689
39642
4826
29405
8926
8928
6881
27364
4837
13030
8934
13032
43754
13041
6898
60149
35574
56055
760
6908
47869
766
60157
47872
64260
62214
8966
6921
49931
2828
786
62227
23314
790
39702
6939
15133
29470
15135
37663
25376
21282
37662
37668
2852
54054
13092
2856
35625
9002
62250
812
13101
205614
49964
9009
19255
23352
31549
15169
17222
52039
21320
197451
37708
45899
9038
47950
852
2907
21342
2914
54115
62310
29544
7018
58224
35699
7029
197495
41847
9092
39815
35733
13208
43930
39839
9121
52130
21412
21413
25509
25512
19373
58291
43956
13237
13238
197564
29632
39875
9158
39878
62416
197595
43996
23520
21473
5089
33764
201702
29670
39912
60396
201709
9198
48112
13303
50168
50170
21502
50178
23563
58381
33808
13331
13335
15389
27678
7203
56357
33843
15412
9268
3130
21570
1101
37965
1103
7247
52304
52306
15440
56402
58453
9304
52320
7265
17506
23650
27750
29802
1133
38001
394354
17523
1140
394353
27768
33915
40065
38022
11404
3213
3215
3216
48276
17557
3223
38040
9370
9371
48284
60574
48292
48294
23719
27817
23724
38064
3249
58552
3257
1213
36029
3265
27843
33988
3269
7366
1221
23752
15557
42184
3274
21699
17621
11478
1239
15576
203993
58587
3292
34019
46309
201958
3303
23781
1257
48362
15594
23784
15598
134387
1267
3320
1273
134396
396544
1280
5377
5379
3329
3333
56582
199938
29962
17676
11537
5394
1299
5396
17685
5400
9498
396571
3356
396573
9500
9503
396576
5408
5404
9505
40220
1312
5410
50473
7473
7474
23862
202040
199993
34106
5432
204092
44358
42310
42313
7497
63770
7500
23884
15694
13649
5459
9557
28000
28001
32097
7522
50533
60781
7545
9605
5511
36236
7575
15772
3488
34209
23969
3491
5539
7590
42409
198068
19905
50629
44489
60874
5580
15826
202196
5588
60890
7642
3549
34270
3557
5607
42473
5610
7660
34288
50673
32244
265721
7679
9733
3597
17934
206350
5645
42525
42549
26167
24122
17987
15943
48712
15945
13901
40528
9808
61010
198228
36444
9821
13925
9829
9834
198260
202365
16004
16010
206479
1680
28303
20115
3741
7843
32425
9901
20144
36529
18101
20150
48821
24245
24252
132796
42689
42699
18125
18127
18128
50897
61138
59091
42708
206549
16086
48854
206548
55002
59103
265952
59105
24287
1764
12008
38635
14061
7922
34549
61174
24309
59128
12041
3851
48918
18200
10010
34587
57119
10026
1836
34605
202540
48943
12083
34612
50999
1850
1853
34622
48961
3908
28498
28499
16218
1887
3943
16245
1909
200567
40824
1916
49024
1921
8068
1930
38796
24474
55195
16284
8100
200612
30633
6057
24489
42927
42953
49100
42961
10197
16347
34779
10208
16353
20454
135150
38895
51184
57329
34803
198644
26617
61438
